60.472183
60.431671
60.398712
60.490723
60.397339
60.483856
60.246964
60.443344
60.411758
60.319748
60.444031
60.497589
60.449524
60.479050
60.411072
60.453644
60.342407
60.351334
60.320435
60.327988
60.306015
60.261383
60.315628
60.259323
60.270309
60.346527
60.327301
60.310822
60.317688
60.255890
60.338974
60.340347
60.324554
60.334854
60.249710
60.269623
60.336914
60.360260
60.351334
60.307388
60.270996
58.929291
60.368500
60.327301
60.351334
60.261383
60.314941
60.288849
60.276489
60.309448
60.339661
60.323181
60.303268
60.364380
60.095215
60.385666
60.289536
59.872742
60.330048
60.370560
60.343094
60.284729
60.309448
60.240784
60.329361
60.308075
60.299835
60.263443
60.292282
60.314255
60.340347
60.323181
60.330734
60.334854
60.378113
60.308075
60.354080
60.342407
60.295029
60.378799
60.288849
60.341034
60.341721
60.290222
60.352707
60.379486
60.290222
60.386353
60.389786
60.317001
60.396652
60.292282
60.306702
60.276489
60.292282
60.397339
60.380173
60.360947
60.331421
60.331421
60.365067
60.352707
60.278549
60.298462
60.363693
60.291595
60.329361
60.357513
60.306702
60.377426
60.329361
60.302582
60.343094
60.279922
60.388412
60.392532
60.291595
60.367813
60.361633
60.381546
60.344467
60.336914
60.378799
60.359573
60.341721
60.378799
60.287476
60.356827
60.356827
60.376740
60.308075
60.289536
60.306702
60.284729
60.287476
60.327301
60.377426
60.321808
60.284729
60.332108
60.389786
60.330048
60.291595
60.308762
60.353394
60.356827
60.301895
60.354767
60.330734
60.333481
60.266876
60.286102
60.404892
60.331421
60.375366
60.322495
60.356827
60.317001
60.378113
60.330734
60.290909
60.271683
60.266876
60.306015
60.297775
60.276489
60.312881
60.281296
60.334167
60.384293
60.290909
60.323868
60.334854
60.268936
60.395966
60.373306
60.350647
60.288849
60.363007
60.295715
60.367813
60.311508
60.349960
60.336227
60.291595
60.368500
60.355453
60.314941
60.303955
60.284729
60.337601
60.319748
60.398026
60.329361
60.365067
60.302582
60.313568
60.359573
60.373306
60.338287
60.326614
60.369873
60.324554
60.292969
60.365067
60.351334
60.304642
60.269623
60.356827
60.290909
60.299149
60.359573
60.350647
60.309448
60.348587
60.341721
60.327988
60.474243
60.420685
60.458450
60.493469
60.449524
60.448151
60.460510
60.400085
60.462570
60.446777
60.423431
60.435104
60.399399
60.382233
60.431671
60.406265
60.440598
60.489349
60.421371
60.409012
60.469437
60.481796
60.370560
60.479736
60.446777
60.468063
60.429611
60.466690
60.479736
60.496902
60.422058
60.497589
60.476990
60.458450
60.498276
60.469437
60.389786
60.494843
60.456390
60.520935
60.423431
60.483170
60.384293
60.490723
60.406265
60.472870
60.485229
60.467377
60.406952
60.463257
60.484543
60.483856
60.442657
60.419998
60.474243
60.382233
60.416565
60.452957
60.386353
60.386353
60.398026
60.501709
60.466690
60.464630
60.419998
60.494843
60.386353
60.410385
60.492783
60.496216
60.475616
60.459137
60.425491
60.430298
60.434418
60.470123
60.236664
60.384293
60.419998
60.439911
60.422745
60.507889
60.474243
60.452957
60.488663
60.430298
60.379486
60.487976
60.384979
60.468063
60.451584
60.450897
60.419312
60.411072
60.501022
60.440598
60.466003
60.504456
60.450897
60.414505
60.452271
60.428238
60.408325
60.444031
60.421371
60.461884
60.480423
60.396652
60.530548
60.475616
60.398712
60.424805
60.430984
60.467377
60.481110
60.284729
60.303955
60.351334
60.345154
60.308075
60.271683
60.305328
60.359573
60.373993
60.328674
60.290909
60.268936
60.312881
60.375366
60.309448
60.349274
60.338974
60.380859
60.369873
60.348587
60.325928
60.252457
60.386353
60.273743
60.277863
60.327988
60.292969
60.274429
60.359573
60.254517
60.380173
60.335541
60.373993
60.318375
60.339661
60.338974
60.281982
60.339661
60.316315
60.371246
60.314941
60.407639
60.370560
60.366440
60.370560
60.305328
60.387039
60.267563
60.290909
60.321121
60.326614
60.324554
60.311508
60.287476
60.277176
60.334854
60.289536
60.276489
60.290909
60.355453
60.327301
60.347900
60.363693
60.358200
60.273056
60.373993
60.336227
60.266190
60.316315
60.365753
60.323868
60.324554
60.334167
60.338287
60.286789
60.366440
60.271683
60.253143
60.325241
60.264130
60.119934
60.343094
60.300522
60.348587
60.354080
60.358887
60.338974
60.309448
60.275116
60.296402
60.309448
60.337601
60.292969
60.289536
60.328674
60.283356
60.382233
60.299835
60.349960
60.325928
60.314941
60.376740
60.285416
60.292282
60.308075
60.280609
60.347214
60.325928
60.347214
60.352707
60.273743
60.255203
60.375366
60.324554
60.356827
60.328674
60.338287
60.358200
60.325241
60.245590
60.314255
60.347900
60.355453
60.341721
60.343781
60.343781
60.333481
60.310135
60.364380
60.284042
60.279236
60.354767
60.339661
60.259323
60.352020
60.274429
60.336914
60.297775
60.325928
60.308075
60.195465
60.343781
60.309448
60.314255
60.321121
60.338974
60.359573
60.280609
60.321808
60.344467
60.377426
60.266876
60.276489
60.361633
60.278549
58.982162
60.310822
60.358200
60.174866
60.266190
60.341034
60.240097
60.313568
60.346527
60.286789
60.312881
60.314941
60.363693
60.447464
60.472183
60.405579
60.383606
60.367813
60.369186
60.402145
60.401459
60.367126
60.298462
60.478363
60.496902
60.457077
60.402832
60.430298
60.373306
60.279922
60.400085
60.462570
60.374680
60.149460
60.379486
60.429611
60.433044
60.466003
60.405579
60.465317
60.409698
60.414505
60.367126
60.479736
60.412445
60.389099
60.468750
60.468063
60.371246
60.433044
60.358887
60.426178
60.495529
60.487289
60.400085
60.450897
60.470123
60.415878
60.399399
60.415192
60.449524
60.450211
60.207825
60.288849
60.466690
60.483856
60.284729
60.439911
60.457764
60.414505
60.386353
60.410385
60.363693
60.476990
60.424118
60.483170
60.470810
60.403519
60.392532
60.427551
60.419312
60.402145
60.423431
60.365067
60.395966
60.417252
60.411758
60.466690
60.380859
60.393219
60.419312
60.376053
60.489349
60.450897
60.375366
60.511322
60.372620
60.378799
60.399399
60.498962
60.456390
60.485916
60.473557
60.447464
60.461197
60.417938
60.435104
60.478363
60.455017
60.465317
60.455704
60.446777
60.356827
60.448837
60.462570
60.460510
60.404892
60.477676
60.429611
60.468750
60.410385
60.483170
60.443344
60.404892
60.369873
60.400085
60.400085
60.468063
60.378799
60.450211
60.393906
60.389786
60.394592
60.386353
60.462570
60.477676
60.472183
60.472870
60.406265
60.401459
60.448151
60.448151
60.478363
60.393906
60.445404
60.409698
60.412445
60.483170
60.400085
60.481796
60.273743
60.448151
60.448151
60.455704
60.406265
60.435104
60.409012
60.408325
60.427551
60.382233
60.409698
60.370560
60.474243
60.319061
60.389786
60.492096
60.444031
60.446777
60.498276
60.430298
60.461197
60.472870
60.413132
60.382233
60.419312
60.320435
60.412445
60.457764
60.396652
60.501022
60.391159
60.364380
60.485916
60.490723
60.496902
60.411072
60.461197
60.458450
60.360260
60.355453
60.507202
60.395966
60.373993
60.497589
60.438538
60.509949
60.411758
60.459824
60.498962
60.474930
60.422745
60.463943
60.395966
60.474243
60.465317
60.514755
60.405579
60.463257
60.334167
60.449524
60.426865
60.411758
60.507202
60.431671
60.483856
60.383606
60.450211
60.418625
60.465317
60.415192
60.400085
60.433731
60.512009
60.406952
60.453644
60.487976
60.404892
60.477676
60.495529
60.372620
60.494156
60.445404
60.475616
60.472870
60.505829
60.506516
60.462570
60.461197
60.493469
60.412445
60.390472
60.505142
60.497589
60.470810
60.503769
60.439224
60.417252
60.473557
60.455017
60.494156
60.417938
60.411758
60.242844
60.428925
60.403519
60.427551
60.490036
60.456390
60.437851
60.464630
60.510635
60.423431
60.472183
60.494156
60.439911
60.405579
60.453644
60.421371
60.441971
60.393219
60.411758
60.399399
60.443344
60.497589
60.435104
60.477676
60.415192
60.391159
60.492783
60.471497
60.435791
60.335541
60.359573
60.434418
60.397339
60.474930
60.422745
60.461197
60.447464
60.447464
60.487976
60.401459
60.461884
60.434418
60.449524
60.445404
60.408325
60.439911
60.487976
60.433044
60.421371
60.439224
60.484543
60.454330
60.435104
60.498276
60.474243
60.417938
60.466690
60.406265
60.389099
60.514069
60.403519
60.517502
60.428925
60.473557
60.449524
60.450897
60.450897
60.467377
60.439911
60.428238
60.514755
60.474930
60.437164
60.438538
60.497589
60.414505
60.425491
60.450897
60.496216
60.462570
60.492096
60.466003
60.410385
60.391846
60.404892
60.437164
60.430298
60.395966
60.444031
60.463943
60.466690
60.492096
60.452271
60.439911
60.461884
60.405579
60.413132
60.415192
60.419998
60.526428
60.404892
60.475616
60.455704
60.466690
60.451584
60.387726
60.456390
60.121307
60.391159
60.432358
60.510635
60.454330
60.421371
60.485916
60.504456
60.449524
60.291595
60.440598
60.056763
60.415192
60.470810
60.410385
60.464630
60.462570
60.475616
60.419998
60.467377
60.498276
60.461884
60.487976
60.472183
60.249710
60.314941
60.413132
60.506516
60.466690
60.520248
60.402145
60.450211
60.499649
60.397339
60.409698
60.501022
60.400085
60.457764
60.466003
60.402145
60.424805
60.418625
60.429611
60.501709
60.385666
60.520935
60.506516
60.446777
60.454330
60.415878
60.446091
60.520935
60.463257
60.410385
60.409012
60.471497
60.415878
60.452271
60.486603
60.461884
60.474930
60.478363
60.409012
60.339661
60.435104
60.428925
60.450897
60.495529
60.389786
60.415878
60.463943
60.490723
60.415192
60.378113
60.401459
60.476303
60.507202
60.494156
60.464630
60.466003
60.522308
60.393906
60.462570
60.472870
60.476990
60.487289
60.463257
60.374680
60.436478
60.397339
60.270996
60.415192
60.505829
60.420685
60.494156
60.467377
60.519562
60.419998
60.470810
60.469437
60.497589
60.325241
60.455017
60.406952
60.514069
60.437851
60.448151
60.501022
60.455017
60.422745
60.473557
60.508575
60.494156
60.438538
60.466690
60.418625
60.452271
60.418625
60.198898
60.433731
60.433044
60.486603
60.470123
60.435104
60.437164
60.470810
60.493469
60.411072
60.470123
60.483170
60.446091
60.431671
60.464630
60.419312
60.424805
60.502396
60.275116
60.406265
60.426865
60.495529
60.422058
60.420685
60.472870
60.402145
60.438538
60.447464
60.280609
60.448151
60.454330
60.389786
60.459824
60.459824
60.440598
60.461197
60.443344
60.441971
60.446091
60.411758
60.429611
60.498276
60.525742
60.452957
60.415878
60.460510
60.440598
60.457077
60.509949
60.455704
60.510635
60.496216
60.424805
60.433731
60.443344
60.376740
60.501709
60.507202
60.425491
60.468750
60.411758
60.482483
60.501022
60.443344
60.477676
60.447464
60.490723
60.496216
60.422745
60.414505
60.461197
60.452957
60.455017
60.449524
60.489349
60.443344
60.498276
60.409012
60.495529
60.435104
60.435104
60.458450
60.454330
60.500336
60.408325
60.447464
60.494156
60.455017
60.424805
60.452271
60.468750
60.476990
60.404892
60.462570
60.427551
60.433044
60.406952
60.412445
60.488663
60.425491
60.491409
60.363693
60.471497
60.450897
60.367813
60.430984
60.401459
60.476990
60.439224
60.401459
60.440598
60.467377
60.446091
60.474243
60.430984
60.490723
60.432358
60.400772
60.460510
60.470123
60.456390
60.298462
60.439224
60.481796
60.400085
60.455704
60.459137
60.384293
60.468063
60.450897
60.476303
60.449524
60.420685
60.474243
60.450211
60.182419
60.424805
60.465317
60.392532
60.443344
60.403519
60.321121
60.303268
60.365067
60.370560
60.364380
60.371246
60.388412
60.305328
60.349274
60.314941
60.308075
60.371246
60.290909
60.338974
60.395279
60.382919
60.389099
60.285416
60.268936
60.341034
60.357513
60.310135
60.324554
60.345840
60.358200
60.338287
60.272369
60.351334
60.371933
60.389786
60.288162
60.326614
60.357513
60.284042
60.352707
60.297089
60.345154
60.288162
60.294342
60.248337
60.344467
60.343781
60.306702
60.362320
60.245590
60.349960
60.316315
60.356140
60.371246
60.369186
60.330048
60.378799
60.309448
60.324554
60.377426
60.248337
60.355453
60.373993
60.373993
60.378113
60.352707
60.311508
60.200958
60.087662
60.282669
60.403519
60.347214
60.339661
60.369186
60.352020
60.317688
60.301895
60.288162
60.305328
60.319748
60.373993
60.314255
60.338974
60.384979
60.310822
60.273743
60.288162
60.310135
60.287476
60.355453
60.285416
58.961563
60.368500
60.336914
60.360947
60.315628
60.292969
60.377426
60.372620
60.281982
60.383606
60.349960
60.344467
60.283356
60.290909
60.359573
60.319748
60.380173
60.269623
60.040970
60.343781
60.259323
60.311508
60.363693
60.270309
60.306015
60.359573
60.373993
60.390472
60.222931
60.330048
60.328674
60.264816
60.380859
60.287476
60.266876
60.387039
60.376053
60.361633
60.286102
60.327988
60.374680
60.347214
60.327988
60.308075
60.314941
60.323181
60.345840
60.277176
60.338287
60.375366
60.344467
60.292282
60.205765
60.338287
60.305328
60.400772
60.375366
60.364380
60.318375
60.392532
60.365067
60.384293
60.390472
60.330734
60.325241
60.372620
60.293655
60.321808
60.286102
60.396652
60.319061
60.330734
60.303268
60.301208
60.299835
60.299149
60.370560
60.406265
60.296402
60.287476
60.329361
60.290909
60.367813
60.317001
60.375366
60.342407
60.271683
60.395279
60.277863
60.299149
60.295715
60.268250
60.328674
60.284729
60.327301
60.314941
59.948959
60.286789
60.295715
60.264816
60.340347
60.334854
60.273743
60.298462
60.325241
60.298462
60.338974
60.274429
60.262756
60.308075
60.286789
60.354080
60.343781
60.339661
60.324554
60.284729
60.258636
60.321121
60.359573
60.333481
60.270309
60.262070
60.314255
60.314255
60.363007
60.348587
60.192719
60.363007
60.336914
60.281982
60.317688
60.345840
60.297089
60.308762
60.345840
60.369186
60.358887
60.277863
60.348587
60.340347
60.365753
60.329361
60.326614
60.338287
60.253830
60.332794
60.349274
60.355453
60.379486
60.339661
60.302582
60.354767
60.308075
60.343781
60.385666
60.337601
60.295029
60.335541
60.257950
60.387039
60.257263
60.314255
60.329361
60.246964
60.298462
60.289536
60.270996
60.373306
60.343781
60.311508
60.351334
60.327988
60.358887
60.307388
60.362320
60.365067
60.297775
60.300522
60.307388
60.180359
60.385666
59.966812
60.356140
60.298462
60.308762
60.361633
60.293655
60.280609
60.299149
60.275803
60.329361
60.363007
60.293655
60.302582
60.273743
60.304642
60.349960
60.312195
60.343781
60.343094
60.288849
60.361633
60.336227
60.299149
60.356140
60.118561
60.334167
60.332794
60.342407
60.327988
60.348587
60.341721
60.415878
60.406952
60.487976
60.393906
60.475616
60.420685
60.481796
60.441284
60.378799
60.365753
60.402832
60.394592
60.450897
60.480423
60.380173
60.495529
60.146713
60.477676
60.444031
60.470810
60.452271
60.461197
60.369186
60.419998
60.442657
60.444717
60.452271
60.373306
60.435791
60.459824
60.465317
60.437164
60.457077
60.432358
60.422745
60.458450
60.465317
60.405579
60.481796
60.448151
60.382233
60.423431
60.381546
60.417252
60.419998
60.402832
60.493469
60.417938
60.475616
60.482483
60.420685
60.422058
60.396652
60.451584
60.384293
60.520935
60.430984
60.391159
60.388412
60.426865
60.412445
60.441284
60.402832
60.417252
60.393219
60.453644
60.433044
60.427551
60.378113
60.458450
60.391846
60.415192
60.417252
60.485229
60.401459
60.368500
60.383606
60.286789
60.347214
60.301208
60.340347
60.317688
60.354080
60.315628
60.287476
60.313568
60.346527
60.307388
60.264130
60.360947
60.280609
60.280609
60.295029
60.336227
60.314255
60.353394
60.338287
60.286789
60.334854
60.288849
60.275803
60.360947
60.338287
60.269623
60.361633
60.339661
60.294342
60.348587
60.303268
60.358887
60.290222
60.323181
60.323181
60.376740
60.376053
60.372620
60.318375
60.357513
60.346527
60.299835
60.352020
60.326614
60.372620
60.365067
60.308762
60.369873
60.288162
60.369186
60.302582
60.388412
60.303268
60.321808
60.249023
60.282669
60.384979
60.358887
60.332108
60.378799
60.347900
60.272369
60.260010
60.356140
60.281296
60.383606
60.364380
60.322495
60.329361
60.317001
60.277863
60.334167
60.314941
60.351334
59.972992
60.357513
60.302582
60.338974
60.343781
60.305328
60.348587
60.378799
60.373993
60.277863
60.384293
60.255203
60.316315
60.292282
60.279922
60.325928
60.238037
60.376053
60.327301
60.291595
60.364380
60.373993
60.376053
60.282669
60.284042
60.317688
60.384979
60.305328
60.367126
60.389099
60.309448
60.305328
60.290909
60.376740
60.325241
60.279236
60.279922
60.323868
60.343781
60.373993
60.313568
60.298462
60.261383
60.343781
60.376740
60.351334
60.336914
60.380173
60.324554
60.382919
60.293655
60.253830
60.303955
60.360947
60.391846
60.356827
60.366440
60.384979
